0 4.60517
1 4.615116
2 4.629593
3 4.643736
4 4.643736
5 4.643736
6 4.644069
7 4.65471
8 4.668584
9 4.683256
10 4.701253
11 4.721414
12 4.746299
13 4.764931
14 4.769415
15 4.76508
16 4.747995
17 4.732806
18 4.72262
19 4.72262
20 4.724943
21 4.730296
22 4.733368
23 4.731821
24 4.722424
25 4.71469
26 4.719309
27 4.729101
28 4.739121
29 4.739121
30 4.740107
31 4.738265
32 4.736886
33 4.727669
34 4.718708
35 4.711569
36 4.717742
37 4.726565
38 4.736609
39 4.738134
40 4.739354
41 4.734138
42 4.727451
43 4.713463
44 4.69747
45 4.705676
46 4.720424
47 4.746168
48 4.74768
49 4.755336
50 4.76276
51 4.770954
52 4.774497
53 4.781041
54 4.782509
55 4.781037
56 4.772269
57 4.778798
58 4.784647
59 4.792593
60 4.792593
61 4.796196
62 4.799028
63 4.800462
64 4.801892
65 4.793339
66 4.786838
67 4.781804
68 4.775878
69 4.765356
70 4.752051
71 4.74388
72 4.727747
73 4.706078
74 4.690235
75 4.68395
76 4.683805
77 4.69017
78 4.695759
79 4.703715
80 4.713805
81 4.724234
82 4.724234
83 4.701061
84 4.688248
85 4.685089
86 4.691003
87 4.688602
88 4.696476
89 4.712202
90 4.727124
91 4.73018
92 4.736268
93 4.741602
94 4.748022
95 4.751025
96 4.756274
97 4.757447
98 4.752933
99 4.749943
100 4.750048
101 4.746239
102 4.726045
103 4.699384
104 4.692415
105 4.681056
106 4.668379
107 4.642384
108 4.640812
109 4.650221
110 4.659366
111 4.67555
112 4.682055
113 4.692905
114 4.673555
115 4.669504
116 4.661114
117 4.669218
118 4.670844
119 4.670026
120 4.673278
121 4.671652
122 4.682133
123 4.689336
124 4.691772
125 4.691772
126 4.690979
127 4.698341
128 4.698341
129 4.688678
130 4.680993
131 4.668047
132 4.661729
133 4.657163
134 4.658809
135 4.659856
136 4.655726
137 4.650763
138 4.652749
139 4.669763
140 4.696018
141 4.726134
142 4.749026
143 4.779352
144 4.791055
145 4.790996
146 4.780698
147 4.779239
148 4.770329
149 4.845014
150 4.926111
151 5.018907
152 5.033094
153 5.047891
154 5.060695
155 5.061804
156 5.068319
157 5.091994
158 5.127896
159 5.158197
160 5.172996
161 5.164833
162 5.14145
163 5.132883
164 5.148645
165 5.17252
166 5.181136
167 5.171492
168 5.164908
169 5.164908
170 5.170778
171 5.171428
172 5.169455
173 5.16916
174 5.174977
175 5.177019
176 5.180181
177 5.184692
178 5.186388
179 5.185334
180 5.180941
181 5.181284
182 5.184252
183 5.184252
184 5.183127
185 5.179228
186 5.179326
187 5.178541
188 5.178541
189 5.178443
190 5.179394
191 5.183293
192 5.185248
193 5.185082
194 5.185401
195 5.199663
196 5.209325
197 5.218558
198 5.21532
199 5.219108
200 5.219954
201 5.221741
202 5.232854
203 5.246742
204 5.258355
205 5.261077
206 5.255242
207 5.243507
208 5.226362
209 5.214576
210 5.218837
211 5.22097
212 5.222912
213 5.217834
214 5.222758
215 5.226514
216 5.231647
217 5.234429
218 5.237219
219 5.228872
220 5.203757
221 5.185194
222 5.182045
223 5.184228
224 5.186667
225 5.181644
226 5.17957
227 5.166691
228 5.171042
229 5.181901
230 5.186844
231 5.175113
232 5.166743
233 5.178159
234 5.187964
235 5.186161
236 5.161103
237 5.139139
238 5.132011
239 5.151639
240 5.177446
241 5.194091
242 5.198847
243 5.201226
244 5.208558
245 5.211532
246 5.210107
247 5.207262
248 5.206305
249 5.201509
250 5.19495
251 5.197811
252 5.216595
253 5.236686
254 5.246751
255 5.241504
256 5.226733
257 5.217616
258 5.218265
259 5.228895
260 5.237311
261 5.242639
262 5.239672
263 5.237931
264 5.240383
265 5.250222
266 5.264645
267 5.26374
268 5.268691
269 5.260138
270 5.257196
271 5.250771
272 5.245514
273 5.246637
274 5.242161
275 5.256443
276 5.258716
277 5.26881
278 5.262963
279 5.263099
280 5.259406
281 5.272774
282 5.287085
283 5.298649
284 5.289838
285 5.288708
286 5.289591
287 5.285926
288 5.27889
289 5.283225
290 5.300183
291 5.313769
292 5.318897
293 5.325115
294 5.332625
295 5.336001
296 5.329577
297 5.315117
298 5.296557
299 5.273447
300 5.250415
301 5.225369
302 5.206021
303 5.206021
304 5.228393
305 5.25947
306 5.27222
307 5.261942
308 5.240769
309 5.222369
310 5.211879
311 5.200864
312 5.196274
313 5.185236
314 5.176241
315 5.163283
316 5.163085
317 5.172969
318 5.199076
319 5.210311
320 5.222923
321 5.219079
322 5.219079
323 5.209085
324 5.200069
325 5.163167
326 5.169862
327 5.192186
328 5.247711
329 5.264425
330 5.264928
331 5.264829
332 5.259289
333 5.256529
334 5.253815
335 5.256551
336 5.256098
337 5.258956
338 5.261669
339 5.262123
340 5.259338
341 5.251867
342 5.242684
343 5.228132
344 5.216364
345 5.20161
346 5.195
347 5.197615
348 5.210782
349 5.21348
350 5.19698
351 5.191699
352 5.197597
353 5.220847
354 5.227714
355 5.232889
356 5.231717
357 5.241805
358 5.251657
359 5.263746
360 5.273538
361 5.282529
362 5.285426
363 5.280566
364 5.258158
365 5.239482
366 5.220717
367 5.212047
368 5.203462
369 5.191967
370 5.202984
371 5.215965
372 5.240389
373 5.253437
374 5.261425
375 5.259153
376 5.252994
377 5.253538
378 5.254903
379 5.258363
380 5.261249
381 5.263963
382 5.263511
383 5.262431
384 5.268679
385 5.286553
386 5.302817
387 5.314117
388 5.313654
389 5.319185
390 5.327474
391 5.33782
392 5.33942
393 5.336136
394 5.331518
395 5.326526
396 5.324075
397 5.326463
398 5.332378
399 5.333901
400 5.329829
401 5.323061
402 5.318453
403 5.30967
404 5.301248
405 5.296376
406 5.289442
407 5.280361
408 5.2718
409 5.28061
410 5.294667
411 5.30858
412 5.375837
413 5.436115
414 5.503289
415 5.499567
416 5.501414
417 5.487865
418 5.479627
419 5.47233
420 5.465715
421 5.455526
422 5.449874
423 5.458882
424 5.487411
425 5.506699
426 5.514343
427 5.507518
428 5.507658
429 5.510471
430 5.510592
431 5.505563
432 5.496333
433 5.488781
434 5.483386
435 5.484536
436 5.491037
437 5.503424
438 5.50616
439 5.505406
440 5.501187
441 5.504268
442 5.510645
443 5.520793
444 5.52868
445 5.540663
446 5.549764
447 5.557408
448 5.555719
449 5.549713
450 5.549457
451 5.551699
452 5.557705
453 5.560013
454 5.559865
455 5.555156
456 5.543609
457 5.527399
458 5.509659
459 5.494944
460 5.485917
461 5.480877
462 5.47824
463 5.484698
464 5.49223
465 5.503559
466 5.50143
467 5.489988
468 5.478804
469 5.464149
470 5.446756
471 5.430164
472 5.429369
473 5.442902
474 5.447611
475 5.433078
476 5.41749
477 5.409097
478 5.420659
479 5.436685
480 5.454618
481 5.46871
482 5.471148
483 5.467085
484 5.460069
485 5.459848
486 5.46725
487 5.470762
488 5.477687
489 5.472508
490 5.463433
491 5.450981
492 5.464366
493 5.48247
494 5.502449
495 5.502449
496 5.501404
497 5.496766
498 5.504934
499 5.53163
500 5.554983
501 5.568438
502 5.567902
503 5.569671
504 5.575274
505 5.574152
506 5.578436
507 5.573763
508 5.572765
509 5.558235
510 5.544777
511 5.536679
512 5.540495
513 5.542559
514 5.531652
515 5.523506
516 5.517973
517 5.526019
518 5.526019
519 5.526786
520 5.521802
521 5.520413
522 5.523805
523 5.527456
524 5.527846
525 5.531749
526 5.544173
527 5.563508
528 5.566961
529 5.56415
530 5.55346
531 5.550217
532 5.540604
533 5.529434
534 5.516909
535 5.512733
536 5.516812
537 5.528478
538 5.543609
539 5.558956
540 5.571767
541 5.580357
542 5.586944
543 5.591507
544 5.597327
545 5.600768
546 5.600263
547 5.595732
548 5.576662
549 5.561032
550 5.539922
551 5.535824
552 5.532704
553 5.538537
554 5.54201
555 5.54303
556 5.538234
557 5.534417
558 5.531746
559 5.524378
560 5.512115
561 5.494603
562 5.476525
563 5.46268
564 5.472734
565 5.490501
566 5.502916
567 5.492244
568 5.479284
569 5.470569
570 5.472629
571 5.488052
572 5.504701
573 5.517584
574 5.520272
575 5.518848
576 5.519544
577 5.520342
578 5.516688
579 5.498858
580 5.48245
581 5.471174
582 5.466749
583 5.453837
584 5.43462
585 5.417483
586 5.399916
587 5.385594
588 5.385203
589 5.394223
590 5.410099
591 5.406139
592 5.400812
593 5.394402
594 5.391787
595 5.382384
596 5.377761
597 5.377138
598 5.375297
599 5.362223
600 5.353392
601 5.353311
602 5.353561
603 5.356991
604 5.361213
605 5.377226
606 5.399084
607 5.417751
608 5.424041
609 5.408541
610 5.389309
611 5.381029
612 5.37532
613 5.380532
614 5.382443
615 5.395173
616 5.401087
617 5.401166
618 5.394065
619 5.382697
620 5.370163
621 5.355324
622 5.340187
623 5.326734
624 5.318974
625 5.317192
626 5.322301
627 5.30469
628 5.282257
629 5.246621
630 5.241544
631 5.245794
632 5.258252
633 5.255408
634 5.240713
635 5.239079
636 5.24942
637 5.276028
638 5.291936
639 5.291578
640 5.278224
641 5.260857
642 5.257442
643 5.25708
644 5.26324
645 5.26324
646 5.26324
647 5.261981
648 5.260079
649 5.253234
650 5.239439
651 5.227131
652 5.220989
653 5.186286
654 5.146695
655 5.094543
656 5.070009
657 5.046594
658 5.054731
659 5.07093
660 5.111114
661 5.12926
662 5.140913
663 5.135622
664 5.125942
665 5.124598
666 5.121299
667 5.113262
668 5.091542
669 5.085479
670 5.09268
671 5.104198
672 5.098345
673 5.083018
674 5.064235
675 5.041812
676 5.039169
677 5.044438
678 5.046156
679 5.03434
680 5.031211
681 5.012051
682 5.004521
683 4.996683
684 5.004574
685 5.010957
686 4.998067
687 4.98957
688 4.972473
689 4.979565
690 4.988534
691 4.981812
692 4.946042
693 4.903296
694 4.876307
695 4.868401
696 4.868133
697 4.864228
698 4.857494
699 4.851671
700 4.847308
701 4.847987
702 4.864121
703 4.899007
704 4.940449
705 4.93836
706 4.896119
707 4.857382
708 4.841695
709 4.832016
710 4.803196
711 4.785143
712 4.774727
713 4.774581
714 4.765025
715 4.770346
716 4.767543
717 4.768288
718 4.753597
719 4.751368
720 4.761625
721 4.793604
722 4.828008
723 4.850736
724 4.84836
725 4.818401
726 4.786011
727 4.757172
728 4.747921
729 4.734895
730 4.720362
731 4.716252
732 4.723283
733 4.734897
734 4.70259
735 4.662117
736 4.629575
737 4.626693
738 4.638108
739 4.648983
740 4.652707
741 4.654846
742 4.663938
743 4.685136
744 4.701922
745 4.670888
746 4.615504
747 4.566374
748 4.561771
749 4.589154
750 4.60692
751 4.61502
752 4.610523
753 4.602549
754 4.581546
755 4.555474
756 4.52423
757 4.512731
758 4.504147
759 4.500271
760 4.504464
761 4.508879
762 4.498987
763 4.473818
764 4.464929
765 4.475988
766 4.506791
767 4.51985
768 4.522558
769 4.509261
770 4.532886
771 4.584544
772 4.644024
773 4.680545
774 4.689017
775 4.696075
776 4.699049
777 4.735726
778 4.735885
779 4.703335
780 4.645574
781 4.622417
782 4.63257
783 4.658129
784 4.670646
785 4.670479
786 4.644749
787 4.625359
788 4.615029
789 4.615372
790 4.617103
791 4.629263
792 4.677648
793 4.714404
794 4.739935
795 4.723227
796 4.724
797 4.720448
798 4.722002
799 4.7266
800 4.74118
801 4.748389
802 4.742244
803 4.729521
804 4.725399
805 4.725709
806 4.724162
807 4.714341
808 4.701391
809 4.680591
810 4.666535
811 4.649183
812 4.633291
813 4.603987
814 4.574752
815 4.552372
816 4.543239
817 4.538765
818 4.514774
819 4.483744
820 4.451861
821 4.427724
822 4.411054
823 4.385747
824 4.367725
825 4.362557
826 4.370265
827 4.38333
828 4.40149
829 4.404524
830 4.390101
831 4.338409
832 4.305559
833 4.291668
834 4.282422
835 4.273982
836 4.258498
837 4.270136
838 4.278575
839 4.284952
840 4.29109
841 4.299089
842 4.319811
843 4.335126
844 4.363626
845 4.372858
846 4.370166
847 4.356443
848 4.364777
849 4.385938
850 4.407256
851 4.417073
852 4.422524
853 4.424189
854 4.427745
855 4.437377
856 4.440682
857 4.444818
858 4.426548
859 4.398254
860 4.372633
861 4.363766
862 4.375633
863 4.399812
864 4.416483
865 4.428358
866 4.424413
867 4.417249
868 4.403208
869 4.393674
870 4.392821
871 4.393038
872 4.396672
873 4.403854
874 4.416844
875 4.417269
876 4.41094
877 4.404189
878 4.403125
879 4.399269
880 4.39107
881 4.380906
882 4.372616
883 4.361059
884 4.343013
885 4.327411
886 4.316142
887 4.305544
888 4.257577
889 4.200293
890 4.152519
891 4.146041
892 4.156702
893 4.157254
894 4.152865
895 4.142759
896 4.1341
897 4.121148
898 4.113575
899 4.117513
900 4.1354
901 4.136815
902 4.133725
903 4.133453
904 4.144018
905 4.159999
906 4.171245
907 4.192193
908 4.213807
909 4.231995
910 4.236082
911 4.223492
912 4.205567
913 4.190241
914 4.18363
915 4.168011
916 4.156105
917 4.149087
918 4.155098
919 4.15094
920 4.147099
921 4.139983
922 4.154181
923 4.163165
924 4.174853
925 4.179102
926 4.192011
927 4.214474
928 4.238893
929 4.259921
930 4.273858
931 4.278244
932 4.27532
933 4.271709
934 4.280547
935 4.285406
936 4.288299
937 4.280186
938 4.284023
939 4.285459
940 4.275655
941 4.267692
942 4.260445
943 4.266851
944 4.267583
945 4.267583
946 4.258931
947 4.249541
948 4.245857
949 4.251814
950 4.258268
951 4.261951
952 4.263669
953 4.267092
954 4.267824
955 4.269776
956 4.278659
957 4.286367
958 4.306432
959 4.335889
960 4.363959
961 4.391432
962 4.408758
963 4.44344
964 4.460706
965 4.459262
966 4.447213
967 4.453758
968 4.468522
969 4.480571
970 4.480178
971 4.472777
972 4.459704
973 4.448708
974 4.453527
975 4.464623
976 4.476404
977 4.48017
978 4.482937
979 4.47419
980 4.454708
981 4.442688
982 4.433913
983 4.435996
984 4.430857
985 4.429406
986 4.429406
987 4.436782
988 4.464659
989 4.498968
990 4.521113
991 4.524723
992 4.521523
993 4.512295
994 4.502321
995 4.489988
996 4.487641
997 4.470256
998 4.456632
999 4.45109
1000 4.46613
1001 4.476796
1002 4.475596
1003 4.468261
1004 4.460648
1005 4.45682
1006 4.466111
1007 4.482904
1008 4.493867
1009 4.49484
1010 4.498672
1011 4.508334
1012 4.515068
1013 4.515449
1014 4.508715
1015 4.496098
1016 4.47992
1017 4.47601
1018 4.477195
1019 4.481363
1020 4.472798
1021 4.460551
1022 4.450946
1023 4.448516
1024 4.452581
1025 4.455613
1026 4.459653
1027 4.458844
1028 4.451111
1029 4.434224
1030 4.431377
1031 4.436282
1032 4.450143
1033 4.457416
1034 4.458833
1035 4.480789
1036 4.496595
1037 4.512377
1038 4.511237
1039 4.515968
1040 4.536516
1041 4.555569
1042 4.565199
1043 4.559719
1044 4.549866
1045 4.539484
1046 4.53578
1047 4.528667
1048 4.53148
1049 4.529238
1050 4.52886
1051 4.519389
1052 4.511037
1053 4.498493
1054 4.487557
1055 4.471005
1056 4.464651
1057 4.460657
1058 4.467654
1059 4.475772
1060 4.492619
1061 4.506566
1062 4.51829
1063 4.525845
1064 4.533719
1065 4.543031
1066 4.543963
1067 4.533804
1068 4.521076
1069 4.511632
1070 4.507983
1071 4.511211
1072 4.523436
1073 4.539092
1074 4.547489
1075 4.545637
1076 4.546005
1077 4.551488
1078 4.559923
1079 4.565399
1080 4.572217
1081 4.593095
1082 4.613804
1083 4.626522
1084 4.624817
1085 4.624647
1086 4.63175
1087 4.640855
1088 4.64793
1089 4.645916
1090 4.637664
1091 4.625788
1092 4.62427
1093 4.633518
1094 4.647056
1095 4.656723
1096 4.656723
1097 4.654059
1098 4.644223
1099 4.63921
1100 4.636019
1101 4.640055
1102 4.642404
1103 4.647429
1104 4.649263
1105 4.652258
1106 4.654743
1107 4.657227
1108 4.664438
1109 4.673714
1110 4.685866
1111 4.692607
1112 4.69865
1113 4.708835
1114 4.728426
1115 4.750234
1116 4.760117
1117 4.763841
1118 4.765608
1119 4.781693
1120 4.791906
1121 4.801602
1122 4.798013
1123 4.796574
1124 4.793565
1125 4.789207
1126 4.787036
1127 4.787611
1128 4.793408
1129 4.792827
1130 4.780981
1131 4.764185
1132 4.744559
1133 4.735045
1134 4.737454
1135 4.751061
1136 4.759232
1137 4.758932
1138 4.755358
1139 4.759074
1140 4.768109
1141 4.780312
1142 4.791218
1143 4.803273
1144 4.808714
1145 4.806417
1146 4.796837
1147 4.790818
1148 4.790242
1149 4.790966
1150 4.790242
1151 4.788796
1152 4.790096
1153 4.789951
1154 4.789661
1155 4.7806
1156 4.76744
1157 4.753367
1158 4.7439
1159 4.740565
1160 4.747009
1161 4.759719
1162 4.772277
1163 4.769893
1164 4.761424
1165 4.748409
1166 4.739625
1167 4.726738
1168 4.72089
1169 4.717341
1170 4.724613
1171 4.731223
1172 4.736455
1173 4.74432
1174 4.747501
1175 4.755199
1176 4.760096
1177 4.783104
1178 4.800261
1179 4.814251
1180 4.810572
1181 4.805575
1182 4.798437
1183 4.789644
1184 4.782225
1185 4.778159
1186 4.784669
1187 4.790067
1188 4.792686
1189 4.786177
1190 4.785017
1191 4.783128
1192 4.791209
1193 4.807092
1194 4.826897
1195 4.855699
1196 4.884852
1197 4.905101
1198 4.902343
1199 4.898258
1200 4.897611
1201 4.901804
1202 4.894401
1203 4.889968
1204 4.888664
1205 4.882031
1206 4.874197
1207 4.865724
1208 4.860594
1209 4.852296
1210 4.843877
1211 4.844693
1212 4.852722
1213 4.861006
1214 4.873396
1215 4.891708
1216 4.904988
1217 4.909663
1218 4.90762
1219 4.930532
1220 4.94504
1221 4.959328
1222 4.958123
1223 4.967256
1224 4.985285
1225 5.001893
1226 5.01658
1227 5.028453
1228 5.035164
1229 5.041427
1230 5.041763
1231 5.035855
1232 5.01944
1233 5.00396
1234 4.995485
1235 5.003331
1236 5.00961
1237 5.015322
1238 5.00972
1239 5.003441
1240 4.995014
1241 4.998759
1242 5.005958
1243 5.020001
1244 5.018016
1245 5.007159
1246 4.990139
1247 4.985779
1248 4.995139
1249 4.996691
1250 4.998465
1251 4.990407
1252 4.993842
1253 4.991474
1254 4.98743
1255 4.976775
1256 4.965536
1257 4.964698
1258 4.979219
1259 4.999253
1260 5.011153
1261 5.01092
1262 5.012075
1263 5.016901
1264 5.021071
1265 5.021417
1266 5.012515
1267 5.000205
1268 4.989551
1269 4.983522
1270 4.982804
1271 4.978976
1272 4.973685
1273 4.966425
1274 4.956284
1275 4.945193
1276 4.924372
1277 4.913401
1278 4.901798
1279 4.90952
1280 4.919995
1281 4.934095
1282 4.939145
1283 4.932114
1284 4.924567
1285 4.930774
1286 4.946512
1287 4.958998
1288 4.963882
1289 4.967613
1290 4.980828
1291 4.989797
1292 4.995846
1293 4.993244
1294 5.001864
1295 5.015
1296 5.028037
1297 5.031469
1298 5.029202
1299 5.029544
1300 5.030793
1301 5.029311
1302 5.027825
1303 5.02612
1304 5.027489
1305 5.032039
1306 5.044894
1307 5.070619
1308 5.087151
1309 5.09474
1310 5.094318
1311 5.09891
1312 5.101153
1313 5.099037
1314 5.100729
1315 5.109555
1316 5.114298
1317 5.109194
1318 5.100476
1319 5.090382
1320 5.096644
1321 5.095151
1322 5.095689
1323 5.09358
1324 5.097406
1325 5.112153
1326 5.123083
1327 5.137965
1328 5.142061
1329 5.13794
1330 5.120725
1331 5.103601
1332 5.086038
1333 5.075661
1334 5.071239
1335 5.077947
1336 5.082635
1337 5.083069
1338 5.079516
1339 5.09226
1340 5.106691
1341 5.119435
1342 5.12006
1343 5.130386
1344 5.153627
1345 5.176243
1346 5.187818
1347 5.183318
1348 5.175451
1349 5.170751
1350 5.167285
1351 5.168775
1352 5.167787
1353 5.170068
1354 5.177416
1355 5.18086
1356 5.187999
1357 5.196136
1358 5.205975
1359 5.212015
1360 5.208689
1361 5.201774
1362 5.193013
1363 5.186064
1364 5.187227
1365 5.188687
1366 5.20113
1367 5.20574
1368 5.208641
1369 5.206
1370 5.205713
1371 5.208016
1372 5.206878
1373 5.199348
1374 5.16977
1375 5.124988
1376 5.102366
1377 5.10652
1378 5.118476
1379 5.118371
1380 5.112121
1381 5.10577
1382 5.100396
1383 5.099343
1384 5.099876
1385 5.100619
1386 5.090118
1387 5.08744
1388 5.08691
1389 5.097411
1390 5.100195
1391 5.105357
1392 5.106935
1393 5.103181
1394 5.066536
1395 5.023447
1396 4.998595
1397 5.002424
1398 5.015313
1399 5.022329
1400 5.034669
1401 5.04597
1402 5.056058
1403 5.053156
1404 5.045627
1405 5.031071
1406 5.022784
1407 5.019357
1408 5.020278
1409 5.019588
1410 5.024941
1411 5.039568
1412 5.064633
1413 5.089972
1414 5.110362
1415 5.123456
1416 5.123561
1417 5.123664
1418 5.126528
1419 5.140269
1420 5.146931
1421 5.147338
1422 5.141153
1423 5.139015
1424 5.157032
1425 5.16998
1426 5.180831
1427 5.172636
1428 5.175674
1429 5.179898
1430 5.181966
1431 5.177942
1432 5.176376
1433 5.180667
1434 5.192215
1435 5.203401
1436 5.206775
1437 5.206298
1438 5.207717
1439 5.212479
1440 5.215427
1441 5.215521
1442 5.218815
1443 5.222299
1444 5.226054
1445 5.225585
1446 5.223801
1447 5.215962
1448 5.207029
1449 5.198732
1450 5.196335
1451 5.198256
1452 5.198352
1453 5.197098
1454 5.194213
1455 5.195562
1456 5.200358
1457 5.206009
1458 5.210023
1459 5.214845
1460 5.219091
1461 5.217186
1462 5.210358
1463 5.21288
1464 5.225258
1465 5.227073
1466 5.221632
1467 5.213148
1468 5.211332
1469 5.204452
1470 5.194581
1471 5.194197
1472 5.19545
1473 5.198645
1474 5.196624
1475 5.197585
1476 5.196716
1477 5.198737
1478 5.199408
1479 5.209211
1480 5.222469
1481 5.230134
1482 5.234421
1483 5.230153
1484 5.236822
1485 5.24442
1486 5.262236
1487 5.284836
1488 5.310268
1489 5.325324
1490 5.324036
1491 5.319052
1492 5.310482
1493 5.309103
1494 5.309528
1495 5.301178
1496 5.282618
1497 5.267399
1498 5.284825
1499 5.31031
1500 5.310132
1501 5.291546
1502 5.271945
1503 5.282548
1504 5.29171
1505 5.29925
1506 5.290069
1507 5.282067
1508 5.277029
1509 5.273015
1510 5.27346
1511 5.270508
1512 5.266446
1513 5.266446
1514 5.282581
1515 5.302842
1516 5.315916
1517 5.320675
1518 5.3245
1519 5.328746
1520 5.32807
1521 5.328492
1522 5.327817
1523 5.328492
1524 5.327648
1525 5.325867
1526 5.32375
1527 5.331279
1528 5.346565
1529 5.356026
1530 5.360463
1531 5.360057
1532 5.361211
1533 5.360066
1534 5.355811
1535 5.348156
1536 5.342373
1537 5.342702
1538 5.347549
1539 5.354558
1540 5.360913
1541 5.36479
1542 5.358613
1543 5.349864
1544 5.344407
1545 5.344823
1546 5.344574
1547 5.351258
1548 5.359701
1549 5.366351
1550 5.370169
1551 5.376741
1552 5.384692
1553 5.395109
1554 5.39968
1555 5.403625
1556 5.406276
1557 5.410477
1558 5.416693
1559 5.419247
1560 5.421788
1561 5.41947
1562 5.42024
1563 5.432072
1564 5.446856
1565 5.457078
1566 5.449666
1567 5.430199
1568 5.41572
1569 5.405106
1570 5.405891
1571 5.407057
1572 5.415164
1573 5.43124
1574 5.439973
1575 5.438443
1576 5.434232
1577 5.436567
1578 5.440377
1579 5.456626
1580 5.470089
1581 5.486352
1582 5.496504
1583 5.510553
1584 5.516275
1585 5.517532
1586 5.513218
1587 5.513926
1588 5.515663
1589 5.518522
1590 5.52344
1591 5.546206
1592 5.577275
1593 5.602968
1594 5.60102
1595 5.60102
1596 5.603208
1597 5.610548
1598 5.613383
1599 5.616638
1600 5.622383
1601 5.632574
1602 5.645041
1603 5.647846
1604 5.647238
1605 5.644226
1606 5.643791
1607 5.637331
1608 5.636774
1609 5.638757
1610 5.64534
1611 5.659209
1612 5.669251
1613 5.676959
1614 5.6732
1615 5.6735
1616 5.67027
1617 5.672244
1618 5.666505
1619 5.666625
1620 5.660667
1621 5.658282
1622 5.645607
1623 5.638054
1624 5.644257
1625 5.648658
1626 5.645162
1627 5.624279
1628 5.606442
1629 5.605625
1630 5.61716
1631 5.636043
1632 5.639299
1633 5.649188
1634 5.660239
1635 5.685431
1636 5.706296
1637 5.71728
1638 5.716412
1639 5.708465
1640 5.713711
1641 5.719168
1642 5.72348
1643 5.715348
1644 5.705283
1645 5.687331
1646 5.664354
1647 5.659205
1648 5.661607
1649 5.664267
1650 5.655015
1651 5.649889
1652 5.640199
1653 5.625917
1654 5.59844
1655 5.597105
1656 5.602502
1657 5.61829
1658 5.612897
1659 5.608268
1660 5.606564
1661 5.623536
1662 5.633599
1663 5.639307
1664 5.631906
1665 5.622161
1666 5.602566
1667 5.581472
1668 5.571106
1669 5.581942
1670 5.587984
1671 5.583879
1672 5.575408
1673 5.587554
1674 5.597595
1675 5.599098
1676 5.597381
1677 5.596993
1678 5.609029
1679 5.618336
1680 5.628095
1681 5.629288
1682 5.62542
1683 5.630783
1684 5.633404
1685 5.633027
1686 5.62247
1687 5.615815
1688 5.609985
1689 5.600728
1690 5.584084
1691 5.571248
1692 5.567419
1693 5.57402
1694 5.577128
1695 5.577592
1696 5.579872
1697 5.577494
1698 5.588388
1699 5.590781
1700 5.6067
1701 5.612805
1702 5.612998
1703 5.607197
1704 5.596635
1705 5.585834
1706 5.580388
1707 5.570352
1708 5.557119
1709 5.537119
1710 5.530485
1711 5.522781
1712 5.509833
1713 5.5086
1714 5.526327
1715 5.553275
1716 5.560606
1717 5.559798
1718 5.549046
1719 5.551321
1720 5.551993
1721 5.553023
1722 5.547577
1723 5.555874
1724 5.569171
1725 5.577339
1726 5.580536
1727 5.582636
1728 5.584088
1729 5.574404
1730 5.559349
1731 5.546802
1732 5.542226
1733 5.549671
1734 5.551308
1735 5.55293
1736 5.543494
1737 5.529316
1738 5.517021
1739 5.516677
1740 5.535316
1741 5.557968
1742 5.598055
1743 5.623572
1744 5.642875
1745 5.643364
1746 5.646151
1747 5.643487
1748 5.648634
1749 5.657459
1750 5.66883
1751 5.66943
1752 5.678612
1753 5.677106
1754 5.680982
1755 5.677753
1756 5.682727
1757 5.67963
1758 5.675474
1759 5.674043
1760 5.684007
1761 5.692558
1762 5.713959
1763 5.723181
1764 5.728667
1765 5.715643
1766 5.698783
1767 5.693472
1768 5.688128
1769 5.69026
1770 5.682787
1771 5.684499
1772 5.681891
1773 5.687204
1774 5.693158
1775 5.706401
1776 5.715586
1777 5.723475
1778 5.717124
1779 5.715295
1780 5.709999
1781 5.722752
1782 5.729669
1783 5.740512
1784 5.745192
1785 5.749763
1786 5.739092
1787 5.732103
1788 5.726972
1789 5.72438
1790 5.713293
1791 5.705329
1792 5.704751
1793 5.710139
1794 5.708407
1795 5.709564
1796 5.710425
1797 5.73897
1798 5.783481
1799 5.815433
1800 5.828711
1801 5.822028
1802 5.82658
1803 5.821954
1804 5.820612
1805 5.820714
1806 5.825085
1807 5.829913
1808 5.832522
1809 5.83532
1810 5.835218
1811 5.828371
1812 5.810151
1813 5.80126
1814 5.798335
1815 5.805742
1816 5.808455
1817 5.815928
1818 5.823686
1819 5.829353
1820 5.835656
1821 5.844933
1822 5.855887
1823 5.865564
1824 5.871283
1825 5.884227
1826 5.892917
1827 5.904209
1828 5.901008
1829 5.894998
1830 5.894761
1831 5.899196
1832 5.913444
1833 5.921386
1834 5.929853
1835 5.928361
1836 5.926045
1837 5.917579
1838 5.916034
1839 5.914169
1840 5.917234
1841 5.915022
1842 5.909412
1843 5.93822
1844 5.970856
1845 6.006617
1846 6.016418
1847 6.023284
1848 6.021571
1849 6.010822
1850 6.00142
1851 5.991707
1852 5.98806
1853 5.992135
1854 6.000126
1855 6.005066
1856 6.012651
1857 6.023184
1858 6.026395
1859 6.024305
1860 6.022418
1861 6.025175
1862 6.023831
1863 6.025801
1864 6.042688
1865 6.060994
1866 6.078261
1867 6.082491
1868 6.080733
1869 6.07678
1870 6.070011
1871 6.062475
1872 6.064477
1873 6.07687
1874 6.095011
1875 6.104806
1876 6.101475
1877 6.092109
1878 6.093076
1879 6.099551
1880 6.107478
1881 6.099498
1882 6.083679
1883 6.081607
1884 6.090243
1885 6.110665
1886 6.128605
1887 6.131409
1888 6.13057
1889 6.120421
1890 6.125432
1891 6.128928
1892 6.136091
1893 6.138306
1894 6.141316
1895 6.143372
1896 6.149492
1897 6.151359
1898 6.157086
1899 6.156718
1900 6.162039
1901 6.172496
1902 6.180493
1903 6.198299
1904 6.206158
1905 6.208698
1906 6.194392
1907 6.172394
1908 6.152264
1909 6.141575
1910 6.13127
1911 6.135596
1912 6.134846
1913 6.145152
1914 6.142224
1915 6.136621
1916 6.124784
1917 6.111436
1918 6.102538
1919 6.091378
1920 6.098753
1921 6.107574
1922 6.120991
1923 6.129219
1924 6.141108
1925 6.151022
1926 6.16022
1927 6.159925
1928 6.160221
1929 6.140058
1930 6.128005
1931 6.119885
1932 6.134575
1933 6.141087
1934 6.138387
1935 6.135336
1936 6.131944
1937 6.137022
1938 6.126851
1939 6.119188
1940 6.11108
1941 6.114301
1942 6.11934
1943 6.120878
1944 6.115724
1945 6.118348
1946 6.127504
1947 6.136037
1948 6.146992
1949 6.149557
1950 6.14694
1951 6.134657
1952 6.131195
1953 6.136521
1954 6.130186
1955 6.127783
1956 6.126469
1957 6.126197
1958 6.126837
1959 6.130839
1960 6.152138
1961 6.160276
1962 6.167993
1963 6.166022
1964 6.15747
1965 6.132708
1966 6.107391
1967 6.111248
1968 6.130184
1969 6.162743
1970 6.187387
1971 6.205794
1972 6.223035
1973 6.227159
1974 6.230742
1975 6.232439
1976 6.234482
1977 6.248541
1978 6.256235
1979 6.262123
1980 6.261525
1981 6.260532
1982 6.263982
1983 6.267618
1984 6.265021
1985 6.260936
1986 6.260673
1987 6.268829
1988 6.278186
1989 6.288487
1990 6.294339
1991 6.294664
1992 6.284955
1993 6.285659
1994 6.293232
1995 6.310822
1996 6.32053
1997 6.329113
1998 6.336811
1999 6.336531
2000 6.325369
2001 6.307742
2002 6.29761
2003 6.296489
2004 6.295621
2005 6.288068
2006 6.275315
2007 6.257334
2008 6.249639
2009 6.259816
2010 6.275797
2011 6.289568
2012 6.285044
2013 6.294618
2014 6.304983
2015 6.329159
2016 6.344648
2017 6.36198
2018 6.363167
2019 6.358631
2020 6.343167
2021 6.324136
2022 6.293651
2023 6.26932
2024 6.26072
2025 6.255983
2026 6.258677
2027 6.247298
2028 6.241874
2029 6.239781
2030 6.244561
2031 6.248561
2032 6.247158
2033 6.23867
2034 6.223551
2035 6.213977
2036 6.229263
2037 6.258062
2038 6.277528
2039 6.283023
2040 6.286236
2041 6.292703
2042 6.2928
2043 6.296271
2044 6.294161
2045 6.310304
2046 6.325671
2047 6.34035
2048 6.341645
2049 6.340085
2050 6.339255
2051 6.337125
2052 6.328173
2053 6.319668
2054 6.312054
2055 6.306046
2056 6.302334
2057 6.305551
2058 6.314382
2059 6.328165
2060 6.337084
2061 6.346326
2062 6.34825
2063 6.340177
2064 6.320754
2065 6.309988
2066 6.305449
2067 6.318244
2068 6.3205
2069 6.328775
2070 6.32924
2071 6.321659
2072 6.310035
2073 6.292986
2074 6.286405
2075 6.260828
2076 6.259064
2077 6.266889
2078 6.29572
2079 6.317307
2080 6.326628
2081 6.31853
2082 6.317331
2083 6.318073
2084 6.326837
2085 6.31316
2086 6.308025
2087 6.316564
2088 6.327736
2089 6.314004
2090 6.284882
2091 6.259247
2092 6.239559
2093 6.22499
2094 6.210081
2095 6.235118
2096 6.269604
2097 6.307436
2098 6.326741
2099 6.352307
2100 6.382528
2101 6.387409
2102 6.375832
2103 6.359761
2104 6.358232
2105 6.370251
2106 6.368446
2107 6.36473
2108 6.354987
2109 6.338294
2110 6.321853
2111 6.300793
2112 6.301173
2113 6.305644
2114 6.31545
2115 6.335003
2116 6.358706
2117 6.374016
2118 6.368598
2119 6.356227
2120 6.341104
2121 6.343825
2122 6.344372
2123 6.361193
2124 6.370894
2125 6.383245
2126 6.383334
2127 6.373543
2128 6.360918
2129 6.348479
2130 6.342279
2131 6.337777
2132 6.344826
2133 6.358441
2134 6.374598
2135 6.382652
2136 6.391372
2137 6.408628
2138 6.432838
2139 6.4394
2140 6.440736
2141 6.435265
2142 6.437703
2143 6.429264
2144 6.426072
2145 6.426993
2146 6.435349
2147 6.436191
2148 6.441167
2149 6.440583
2150 6.443849
2151 6.438038
2152 6.436028
2153 6.454983
2154 6.458731
2155 6.462407
2156 6.445363
2157 6.452167
2158 6.462313
2159 6.463389
2160 6.455424
2161 6.444279
2162 6.429413
2163 6.420058
2164 6.418387
2165 6.423019
2166 6.430457
2167 6.432461
2168 6.443025
2169 6.452258
2170 6.450337
2171 6.447686
2172 6.431016
2173 6.427396
2174 6.419994
2175 6.417247
2176 6.424531
2177 6.426313
2178 6.433727
2179 6.420895
2180 6.412065
2181 6.39698
2182 6.376206
2183 6.350386
2184 6.331333
2185 6.322891
2186 6.329582
2187 6.326863
2188 6.316559
2189 6.293121
2190 6.268816
2191 6.264329
2192 6.260257
2193 6.274528
2194 6.274626
2195 6.278994
2196 6.273221
2197 6.283374
2198 6.313976
2199 6.341711
2200 6.325114
2201 6.297945
2202 6.284792
2203 6.302055
2204 6.303516
2205 6.293444
2206 6.285461
2207 6.288363
2208 6.295779
2209 6.304047
2210 6.304529
2211 6.31113
2212 6.313024
2213 6.328714
2214 6.352147
2215 6.385373
2216 6.397361
2217 6.385851
2218 6.363767
2219 6.35361
2220 6.352708
2221 6.349957
2222 6.360291
2223 6.376081
2224 6.398083
2225 6.406471
2226 6.412533
2227 6.432442
2228 6.450169
2229 6.467478
2230 6.467072
2231 6.460961
2232 6.443906
2233 6.435425
2234 6.430218
2235 6.437906
2236 6.438656
2237 6.441857
2238 6.432219
2239 6.425834
2240 6.429917
2241 6.430342
2242 6.427787
2243 6.405971
2244 6.390767
2245 6.38123
2246 6.381761
2247 6.388449
2248 6.393684
2249 6.389599
2250 6.393841
2251 6.401797
2252 6.429809
2253 6.423294
2254 6.418783
2255 6.39521
2256 6.404124
2257 6.384264
2258 6.387686
2259 6.382261
2260 6.397636
2261 6.384824
2262 6.361081
2263 6.345252
2264 6.338471
2265 6.329113
2266 6.304747
2267 6.294214
2268 6.298311
2269 6.305868
2270 6.31797
2271 6.320235
2272 6.335219
2273 6.347163
2274 6.374769
2275 6.384871
2276 6.380397
2277 6.365796
2278 6.366151
2279 6.359049
2280 6.359952
2281 6.354945
2282 6.370761
2283 6.368498
2284 6.347105
2285 6.319296
2286 6.282659
2287 6.243458
2288 6.208909
2289 6.203904
2290 6.217663
2291 6.224989
2292 6.247953
2293 6.266504
2294 6.276598
2295 6.247507
2296 6.227397
2297 6.210716
2298 6.228374
2299 6.242348
2300 6.256103
2301 6.234226
2302 6.18973
2303 6.13728
2304 6.110891
2305 6.122116
2306 6.151169
2307 6.181253
2308 6.214125
2309 6.237926
2310 6.254714
2311 6.252708
2312 6.255529
2313 6.258609
2314 6.263702
2315 6.24914
2316 6.224194
2317 6.188787
2318 6.178353
2319 6.195392
2320 6.219307
2321 6.245104
2322 6.246015
2323 6.247039
2324 6.248138
2325 6.255135
2326 6.256054
2327 6.25844
2328 6.273713
2329 6.296472
2330 6.316745
2331 6.327162
2332 6.3372
2333 6.353037
2334 6.350555
2335 6.346183
2336 6.324231
2337 6.322288
2338 6.332432
2339 6.346741
2340 6.347575
2341 6.343922
2342 6.333014
2343 6.332921
2344 6.336211
2345 6.353872
2346 6.359381
2347 6.360924
2348 6.355533
2349 6.356896
2350 6.362817
2351 6.370871
2352 6.384293
2353 6.37683
2354 6.34678
2355 6.320882
2356 6.301893
2357 6.303342
2358 6.30353
2359 6.308688
2360 6.316778
2361 6.307038
2362 6.283986
2363 6.260114
2364 6.24878
2365 6.25402
2366 6.253008
2367 6.234244
2368 6.206202
2369 6.184757
2370 6.172552
2371 6.179441
2372 6.19351
2373 6.221862
2374 6.237064
2375 6.24026
2376 6.231144
2377 6.227973
2378 6.215109
2379 6.208184
2380 6.203319
2381 6.210284
2382 6.213029
2383 6.208092
2384 6.20736
2385 6.212473
2386 6.22514
2387 6.230229
2388 6.22888
2389 6.218218
2390 6.212081
2391 6.216522
2392 6.218201
2393 6.232584
2394 6.23979
2395 6.265657
2396 6.278091
2397 6.290314
2398 6.282773
2399 6.273839
2400 6.248406
2401 6.226926
2402 6.213319
2403 6.206352
2404 6.20049
2405 6.185328
2406 6.187879
2407 6.197418
2408 6.20683
2409 6.205451
2410 6.200185
2411 6.192504
2412 6.181592
2413 6.165387
2414 6.157305
2415 6.142482
2416 6.134474
2417 6.127887
2418 6.138398
2419 6.146294
2420 6.151331
2421 6.140245
2422 6.146758
2423 6.158651
2424 6.178629
2425 6.180808
2426 6.176819
2427 6.172018
2428 6.167755
2429 6.172065
2430 6.185211
2431 6.199425
2432 6.199318
2433 6.199846
2434 6.201423
2435 6.210718
2436 6.21647
2437 6.220433
2438 6.218448
2439 6.213645
2440 6.205351
2441 6.19177
2442 6.18043
2443 6.172143
2444 6.172689
2445 6.172689
2446 6.168191
2447 6.161588
2448 6.154327
2449 6.153553
2450 6.152104
2451 6.15266
2452 6.151551
2453 6.151551
2454 6.151107
2455 6.14528
2456 6.139083
2457 6.135169
2458 6.139437
2459 6.152375
2460 6.162567
2461 6.167331
2462 6.164475
2463 6.16838
2464 6.180373
2465 6.193357
2466 6.200294
2467 6.201142
2468 6.206928
2469 6.21362
2470 6.229435
2471 6.245619
2472 6.259408
2473 6.260416
2474 6.243815
2475 6.229922
2476 6.220945
2477 6.222196
2478 6.221678
2479 6.222091
2480 6.227867
2481 6.228592
2482 6.225896
2483 6.224051
2484 6.228573
2485 6.238521
2486 6.253794
2487 6.264246
2488 6.273611
2489 6.27469
2490 6.279796
2491 6.277331
2492 6.274282
2493 6.273794
2494 6.280845
2495 6.283894
2496 6.286227
2497 6.284186
2498 6.283991
2499 6.280582
2500 6.277742
2501 6.270414
2502 6.267464
2503 6.263109
2504 6.264608
2505 6.259131
2506 6.25492
2507 6.246338
2508 6.240259
2509 6.236811
2510 6.228841
2511 6.222544
2512 6.212297
2513 6.214177
2514 6.216358
2515 6.220433
2516 6.220016
2517 6.216895
2518 6.215543
2519 6.218554
2520 6.221363
2521 6.221259
2522 6.211718
2523 6.204279
2524 6.203652
2525 6.20535
2526 6.201192
2527 6.193047
2528 6.186637
2529 6.18567
2530 6.185134
2531 6.190272
2532 6.199399
2533 6.212234
2534 6.218755
2535 6.218022
2536 6.214286
2537 6.215326
2538 6.215221
2539 6.213442
2540 6.20747
2541 6.206839
2542 6.203571
2543 6.204837
2544 6.202727
2545 6.197817
2546 6.196657
2547 6.199082
2548 6.207155
2549 6.206521
2550 6.199407
2551 6.194117
2552 6.191353
2553 6.185288
2554 6.173237
2555 6.165241
2556 6.163926
2557 6.168865
2558 6.16952
2559 6.172361
2560 6.178299
2561 6.186918
2562 6.200874
2563 6.212442
2564 6.225989
2565 6.232089
2566 6.232089
2567 6.230553
2568 6.230143
2569 6.228797
2570 6.221642
2571 6.216994
2572 6.21689
2573 6.21825
2574 6.216582
2575 6.210823
2576 6.207043
2577 6.203153
2578 6.200396
2579 6.197533
2580 6.194238
2581 6.19178
2582 6.190071
2583 6.190498
2584 6.193489
2585 6.19037
2586 6.189622
2587 6.184803
2588 6.187815
2589 6.18416
2590 6.186525
2591 6.190992
2592 6.195288
2593 6.199862
2594 6.199651
2595 6.200822
2596 6.196034
2597 6.200966
2598 6.2104
2599 6.239136
2600 6.259344
2601 6.277644
2602 6.285995
2603 6.294417
2604 6.299466
2605 6.296577
2606 6.291956
2607 6.294452
2608 6.297054
2609 6.300525
2610 6.300047
2611 6.309042
2612 6.320173
2613 6.333413
2614 6.334159
2615 6.336655
2616 6.335733
2617 6.33564
2618 6.333422
2619 6.335539
2620 6.336563
2621 6.336563
2622 6.33213
2623 6.326411
2624 6.323058
2625 6.325096
2626 6.337897
2627 6.342915
2628 6.345309
2629 6.343484
2630 6.344037
2631 6.341366
2632 6.33861
2633 6.337503
2634 6.33704
2635 6.338513
2636 6.338975
2637 6.350889
2638 6.35427
2639 6.362652
2640 6.35942
2641 6.361956
2642 6.362855
2643 6.359682
2644 6.331449
2645 6.286874
2646 6.253168
2647 6.241372
2648 6.240242
2649 6.234858
2650 6.240908
2651 6.252239
2652 6.267159
2653 6.265456
2654 6.261956
2655 6.24979
2656 6.24727
2657 6.25077
2658 6.255409
2659 6.249899
2660 6.240211
2661 6.225885
2662 6.226501
2663 6.219778
2664 6.216098
2665 6.202473
2666 6.189258
2667 6.178733
2668 6.18129
2669 6.191673
2670 6.20399
2671 6.205684
2672 6.208831
2673 6.220405
2674 6.233758
2675 6.247462
2676 6.258647
2677 6.265576
2678 6.270548
2679 6.266199
2680 6.264105
2681 6.260233
2682 6.260631
2683 6.266971
2684 6.273791
2685 6.271997
2686 6.26785
2687 6.252842
2688 6.247808
2689 6.23905
2690 6.239152
2691 6.231145
2692 6.229201
2693 6.229508
2694 6.23599
2695 6.233519
2696 6.239998
2697 6.249045
2698 6.260225
2699 6.265694
2700 6.267178
2701 6.261635
2702 6.249074
2703 6.237828
2704 6.236096
2705 6.233938
2706 6.224618
2707 6.22226
2708 6.225644
2709 6.237102
2710 6.243118
2711 6.246468
2712 6.249397
2713 6.255901
2714 6.258918
2715 6.260022
2716 6.257436
2717 6.261218
2718 6.265996
2719 6.267689
2720 6.267887
2721 6.261099
2722 6.253461
2723 6.242399
2724 6.239665
2725 6.230492
2726 6.22221
2727 6.208933
2728 6.202284
2729 6.195935
2730 6.194981
2731 6.197741
2732 6.20618
2733 6.217859
2734 6.232644
2735 6.241788
2736 6.248584
2737 6.249997
2738 6.256123
2739 6.256624
2740 6.257027
2741 6.252014
2742 6.244409
2743 6.234818
2744 6.226016
2745 6.223235
2746 6.221679
2747 6.218343
2748 6.213446
2749 6.209891
2750 6.220003
2751 6.240063
2752 6.261733
2753 6.270855
2754 6.267078
2755 6.261516
2756 6.254925
2757 6.250802
2758 6.248591
2759 6.248793
2760 6.254412
2761 6.25572
2762 6.253596
2763 6.244519
2764 6.234425
2765 6.228385
2766 6.222818
2767 6.219906
2768 6.214701
2769 6.213034
2770 6.219036
2771 6.226608
2772 6.235883
2773 6.239453
2774 6.245047
2775 6.246669
2776 6.248592
2777 6.246365
2778 6.245555
2779 6.244848
2780 6.251682
2781 6.263239
2782 6.27613
2783 6.288338
2784 6.295123
2785 6.298414
2786 6.302417
2787 6.302417
2788 6.306248
2789 6.301476
2790 6.299165
2791 6.296393
2792 6.296873
2793 6.303189
2794 6.303765
2795 6.30434
2796 6.29947
2797 6.301572
2798 6.305856
2799 6.308347
2800 6.308728
2801 6.312584
2802 6.316098
2803 6.326494
2804 6.333067
2805 6.339801
2806 6.347368
2807 6.350834
2808 6.358432
2809 6.354442
2810 6.351343
2811 6.349619
2812 6.352163
2813 6.352255
2814 6.347767
2815 6.34275
2816 6.342017
2817 6.343856
2818 6.345415
2819 6.347245
2820 6.346694
2821 6.346236
2822 6.344957
2823 6.345324
2824 6.341547
2825 6.338603
2826 6.335561
2827 6.335654
2828 6.338231
2829 6.339802
2830 6.341465
2831 6.347282
2832 6.358875
2833 6.372685
2834 6.372234
2835 6.368204
2836 6.363216
2837 6.372558
2838 6.377299
2839 6.377927
2840 6.366139
2841 6.361308
2842 6.357886
2843 6.363922
2844 6.366346
2845 6.371019
2846 6.36761
2847 6.365546
2848 6.359512
2849 6.361042
2850 6.365335
2851 6.36841
2852 6.355319
2853 6.340324
2854 6.33101
2855 6.331943
2856 6.333242
2857 6.331757
2858 6.331757
2859 6.328032
2860 6.324385
2861 6.319697
2862 6.322494
2863 6.327256
2864 6.331198
2865 6.324161
2866 6.315141
2867 6.311104
2868 6.30796
2869 6.305378
2870 6.29492
2871 6.284022
2872 6.272996
2873 6.269567
2874 6.271736
2875 6.276171
2876 6.281447
2877 6.285937
2878 6.288667
2879 6.28886
2880 6.292333
2881 6.302563
2882 6.315111
2883 6.33067
2884 6.339222
2885 6.342194
2886 6.343474
2887 6.344574
2888 6.352613
2889 6.350049
2890 6.345907
2891 6.338975
2892 6.333133
2893 6.322881
2894 6.314766
2895 6.30977
2896 6.31639
2897 6.320426
2898 6.323357
2899 6.318262
2900 6.305132
2901 6.297996
2902 6.29494
2903 6.296489
2904 6.293882
2905 6.29321
2906 6.293885
2907 6.293982
2908 6.293308
2909 6.288942
2910 6.287096
2911 6.281755
2912 6.282145
2913 6.281169
2914 6.283899
2915 6.282727
2916 6.278498
2917 6.274591
2918 6.26966
2919 6.268371
2920 6.269058
2921 6.271434
2922 6.274893
2923 6.275872
2924 6.273596
2925 6.271029
2926 6.264514
2927 6.265209
2928 6.261121
2929 6.253866
2930 6.246753
2931 6.242919
2932 6.2382
2933 6.230311
2934 6.226329
2935 6.223319
2936 6.224458
2937 6.22074
2938 6.221574
2939 6.214155
2940 6.198965
2941 6.193724
2942 6.201555
2943 6.226568
2944 6.237685
2945 6.244327
2946 6.238632
2947 6.235965
2948 6.233426
2949 6.236489
2950 6.234422
2951 6.225957
2952 6.225753
2953 6.231711
2954 6.236693
2955 6.237099
2956 6.239837
2957 6.249482
2958 6.255321
2959 6.258237
2960 6.250236
2961 6.238246
2962 6.219194
2963 6.203238
2964 6.187021
2965 6.184681
2966 6.176186
2967 6.163004
2968 6.143103
2969 6.12228
2970 6.101535
2971 6.078554
2972 6.081127
2973 6.088618
2974 6.108754
2975 6.117039
2976 6.134337
2977 6.133192
2978 6.120096
2979 6.089852
2980 6.075441
2981 6.079552
2982 6.091203
2983 6.10481
2984 6.101407
2985 6.108877
2986 6.102378
2987 6.100722
2988 6.090407
2989 6.081017
2990 6.065115
2991 6.05039
2992 6.052672
2993 6.063317
2994 6.072158
2995 6.058221
2996 6.048569
2997 6.033195
2998 6.031443
2999 6.03342
3000 6.035696
3001 6.043633
3002 6.060688
3003 6.079671
3004 6.094648
3005 6.101026
3006 6.112723
3007 6.116914
3008 6.126537
3009 6.134263
3010 6.148088
3011 6.142801
3012 6.138961
3013 6.141724
3014 6.155495
3015 6.168966
3016 6.170394
3017 6.166894
3018 6.164485
3019 6.163277
3020 6.16536
3021 6.164038
3022 6.166559
3023 6.161717
3024 6.159391
3025 6.154663
3026 6.144191
3027 6.141402
3028 6.138957
3029 6.138269
3030 6.128145
3031 6.116337
3032 6.111603
3033 6.11091
3034 6.116526
3035 6.129411
3036 6.143574
3037 6.153317
3038 6.159962
3039 6.168612
3040 6.176789
3041 6.186408
3042 6.193995
3043 6.199866
3044 6.194063
3045 6.187448
3046 6.182759
3047 6.182434
3048 6.177658
3049 6.167303
3050 6.162934
3051 6.166955
3052 6.178702
3053 6.193223
3054 6.208425
3055 6.219565
3056 6.222603
3057 6.224045
3058 6.225489
3059 6.226842
3060 6.226945
3061 6.221131
3062 6.221754
3063 6.217411
3064 6.223328
3065 6.220726
3066 6.220413
3067 6.22144
3068 6.224353
3069 6.225809
3070 6.226935
3071 6.228691
3072 6.227236
3073 6.221358
3074 6.219291
3075 6.218874
3076 6.215528
3077 6.210619
3078 6.211556
3079 6.213652
3080 6.214912
3081 6.213034
3082 6.208514
3083 6.203444
3084 6.196361
3085 6.195089
3086 6.196999
3087 6.197533
3088 6.188813
3089 6.183049
3090 6.178971
3091 6.181253
3092 6.183079
3093 6.188222
3094 6.190058
3095 6.182587
3096 6.167915
3097 6.155401
3098 6.155401
3099 6.164282
3100 6.172785
3101 6.179721
3102 6.179396
3103 6.181786
3104 6.17166
3105 6.16719
3106 6.167406
3107 6.176136
3108 6.190633
3109 6.206994
3110 6.227361
3111 6.234842
3112 6.243284
3113 6.242066
3114 6.24299
3115 6.23976
3116 6.24199
3117 6.24576
3118 6.241987
3119 6.23587
3120 6.236882
3121 6.240959
3122 6.252486
3123 6.257797
3124 6.265608
3125 6.266303
3126 6.270943
3127 6.272128
3128 6.272624
3129 6.269471
3130 6.273588
3131 6.278112
3132 6.286034
3133 6.294972
3134 6.315617
3135 6.32888
3136 6.332371
3137 6.32466
3138 6.32568
3139 6.333838
3140 6.331859
3141 6.326162
3142 6.320622
3143 6.33077
3144 6.338957
3145 6.348774
3146 6.352694
3147 6.358344
3148 6.365765
3149 6.370891
3150 6.374218
3151 6.377035
3152 6.372995
3153 6.367583
3154 6.361478
3155 6.369069
3156 6.380158
3157 6.381139
3158 6.374989
3159 6.370206
3160 6.367973
3161 6.371462
3162 6.376861
3163 6.387186
3164 6.391431
3165 6.383255
3166 6.369507
3167 6.357153
3168 6.356613
3169 6.361556
3170 6.367342
3171 6.374563
3172 6.372953
3173 6.373311
3174 6.365369
3175 6.36519
3176 6.368929
3177 6.377664
3178 6.38318
3179 6.389146
3180 6.397915
3181 6.411911
3182 6.419732
3183 6.427524
3184 6.430472
3185 6.430132
3186 6.422683
3187 6.418888
3188 6.419991
3189 6.41922
3190 6.412624
3191 6.403081
3192 6.39597
3193 6.397438
3194 6.403316
3195 6.415705
3196 6.421849
3197 6.420561
3198 6.413305
3199 6.405
3200 6.40757
3201 6.409292
3202 6.413171
3203 6.414023
3204 6.411264
3205 6.415098
3206 6.414757
3207 6.420593
3208 6.423209
3209 6.433035
3210 6.44817
3211 6.459246
3212 6.461062
3213 6.455322
3214 6.456134
3215 6.46354
3216 6.47937
3217 6.49288
3218 6.503106
3219 6.503972
3220 6.492484
3221 6.473036
3222 6.458319
3223 6.446086
3224 6.442842
3225 6.435611
3226 6.433346
3227 6.428887
3228 6.432314
3229 6.437411
3230 6.443454
3231 6.442287
3232 6.448123
3233 6.45836
3234 6.475124
3235 6.482298
3236 6.490031
3237 6.491219
3238 6.500499
3239 6.507902
3240 6.522826
3241 6.533886
3242 6.543383
3243 6.545043
3244 6.553268
3245 6.557659
3246 6.555469
3247 6.543092
3248 6.541313
3249 6.546573
3250 6.548467
3251 6.538279
3252 6.519415
3253 6.509759
3254 6.511212
3255 6.523754
3256 6.531971
3257 6.538319
3258 6.541646
3259 6.550922
3260 6.561749
3261 6.574226
3262 6.578477
3263 6.577897
3264 6.571533
3265 6.568165
3266 6.567656
3267 6.574528
3268 6.583601
3269 6.592142
3270 6.600925
3271 6.600065
3272 6.596717
3273 6.592747
3274 6.601812
3275 6.610363
3276 6.615318
3277 6.608542
3278 6.600493
3279 6.594394
3280 6.595249
3281 6.59281
3282 6.590007
3283 6.586648
3284 6.595177
3285 6.600191
3286 6.60291
3287 6.599382
3288 6.602988
3289 6.61157
3290 6.616847
3291 6.623806
3292 6.624153
3293 6.625964
3294 6.622641
3295 6.619855
3296 6.619368
3297 6.622553
3298 6.629818
3299 6.626675
3300 6.621117
3301 6.611816
3302 6.606795
3303 6.623399
3304 6.643474
3305 6.677131
3306 6.688209
3307 6.70526
3308 6.715722
3309 6.723686
3310 6.726882
3311 6.735326
3312 6.738957
3313 6.737081
3314 6.735556
3315 6.740439
3316 6.74579
3317 6.738558
3318 6.732989
3319 6.730449
3320 6.735287
3321 6.739195
3322 6.742906
3323 6.741919
3324 6.743948
3325 6.742098
3326 6.740364
3327 6.734302
3328 6.725974
3329 6.718185
3330 6.710865
3331 6.709148
3332 6.708767
3333 6.706911
3334 6.703387
3335 6.70326
3336 6.717454
3337 6.735019
3338 6.74898
3339 6.748611
3340 6.744924
3341 6.73274
3342 6.724009
3343 6.718401
3344 6.732957
3345 6.749296
3346 6.760965
3347 6.759263
3348 6.753804
3349 6.7535
3350 6.761565
3351 6.771981
3352 6.787524
3353 6.7933
3354 6.799235
3355 6.797491
3356 6.79373
3357 6.785476
3358 6.781844
3359 6.788804
3360 6.800649
3361 6.806256
3362 6.811824
3363 6.816117
3364 6.820147
3365 6.821794
3366 6.829607
3367 6.839362
3368 6.845313
3369 6.844757
3370 6.846807
3371 6.84435
3372 6.844071
3373 6.843629
3374 6.848967
3375 6.849968
3376 6.8468
3377 6.854003
3378 6.855001
3379 6.852479
3380 6.836445
3381 6.828263
3382 6.823959
3383 6.824356
3384 6.822934
3385 6.825828
3386 6.827577
3387 6.831373
3388 6.831768
3389 6.83081
3390 6.825873
3391 6.823778
3392 6.819747
3393 6.81797
3394 6.82164
3395 6.826911
3396 6.831535
3397 6.830523
3398 6.836541
3399 6.842775
3400 6.847696
3401 6.846811
3402 6.85211
3403 6.86677
3404 6.876107
3405 6.886724
3406 6.887837
3407 6.891905
3408 6.885748
3409 6.884209
3410 6.883783
3411 6.890099
3412 6.873412
3413 6.863302
3414 6.858657
3415 6.874118
3416 6.887461
3417 6.894431
3418 6.890349
3419 6.882342
3420 6.872673
3421 6.868157
3422 6.864081
3423 6.860594
3424 6.854178
3425 6.844355
3426 6.833613
3427 6.838711
3428 6.845347
3429 6.849116
3430 6.842898
3431 6.836713
3432 6.832265
3433 6.824269
3434 6.816011
3435 6.815046
3436 6.815734
3437 6.817747
3438 6.813916
3439 6.814088
3440 6.81317
3441 6.809527
3442 6.807345
3443 6.806712
3444 6.817859
3445 6.832844
3446 6.847599
3447 6.860069
3448 6.865912
3449 6.866682
3450 6.872267
3451 6.870476
3452 6.885152
3453 6.888807
3454 6.897827
3455 6.904491
3456 6.918318
3457 6.931864
3458 6.936268
3459 6.93424
3460 6.93485
3461 6.931886
3462 6.926246
3463 6.921027
3464 6.922768
3465 6.930638
3466 6.932489
3467 6.936145
3468 6.935589
3469 6.940476
3470 6.938653
3471 6.939563
3472 6.943731
3473 6.953883
3474 6.960428
3475 6.960877
3476 6.950013
3477 6.946481
3478 6.942066
3479 6.940485
3480 6.946087
3481 6.945025
3482 6.936689
3483 6.91406
3484 6.906424
3485 6.915322
3486 6.927666
3487 6.933269
3488 6.937832
3489 6.945055
3490 6.955888
3491 6.963602
3492 6.962808
3493 6.964972
3494 6.971066
3495 6.976981
3496 6.974719
3497 6.967145
3498 6.960134
3499 6.95501
3500 6.947311
3501 6.942588
3502 6.936415
3503 6.936365
3504 6.936061
3505 6.936928
3506 6.93142
3507 6.927804
3508 6.923137
3509 6.923856
3510 6.922573
3511 6.926526
3512 6.924209
3513 6.927788
3514 6.921034
3515 6.921138
3516 6.916322
3517 6.920103
3518 6.922727
3519 6.920189
3520 6.924538
3521 6.925357
3522 6.930465
3523 6.93234
3524 6.933106
3525 6.934537
3526 6.9361
3527 6.945901
3528 6.96105
3529 6.968906
3530 6.970388
3531 6.960198
3532 6.955048
3533 6.949429
3534 6.95996
3535 6.968337
3536 6.97924
3537 6.984119
3538 6.985285
3539 6.982654
3540 6.975626
3541 6.969113
3542 6.967642
3543 6.96617
3544 6.967699
3545 6.966666
3546 6.963303
3547 6.962712
3548 6.963844
3549 6.966467
3550 6.970145
3551 6.968619
3552 6.968964
3553 6.966566
3554 6.97088
3555 6.975624
3556 6.979045
3557 6.982003
3558 6.98244
3559 6.978183
3560 6.975079
3561 6.973084
3562 6.973576
3563 6.968172
3564 6.960772
3565 6.957312
3566 6.952523
3567 6.948155
3568 6.944558
3569 6.943703
3570 6.94597
3571 6.945165
3572 6.947774
3573 6.952955
3574 6.963314
3575 6.973842
3576 6.978554
3577 6.981469
3578 6.982098
3579 6.984139
3580 6.9838
3581 6.982055
3582 6.980161
3583 6.977633
3584 6.975782
3585 6.973092
3586 6.970594
3587 6.965076
3588 6.964141
3589 6.971916
3590 6.986115
3591 6.997063
3592 7.003155
3593 7.003725
3594 7.004582
3595 7.005477
3596 7.005001
3597 7.00958
3598 7.009157
3599 7.010202
3600 7.005005
3601 6.996659
3602 6.987375
3603 6.98132
3604 6.979674
3605 6.986244
3606 6.991631
3607 6.987038
3608 6.97142
3609 6.960901
3610 6.96796
3611 6.983674
3612 6.996333
3613 7.001637
3614 7.00492
3615 7.007235
3616 7.011288
3617 7.018547
3618 7.023732
3619 7.028522
3620 7.027269
3621 7.027408
3622 7.027038
3623 7.024986
3624 7.0248
3625 7.02646
3626 7.031476
3627 7.034246
3628 7.033878
3629 7.031008
3630 7.025818
3631 7.021648
3632 7.019316
3633 7.016408
3634 7.014585
3635 7.017614
3636 7.019867
3637 7.020757
3638 7.014718
3639 7.00815
3640 6.999914
3641 6.994725
3642 6.994104
3643 6.998436
3644 7.003815
3645 7.00686
3646 7.003198
3647 6.999924
3648 6.996592
3649 6.991143
3650 6.978361
3651 6.96588
3652 6.960786
3653 6.962762
3654 6.967105
3655 6.969466
3656 6.970744
3657 6.970597
3658 6.970205
3659 6.9726
3660 6.975871
3661 6.980307
3662 6.982346
3663 6.987265
3664 6.988425
3665 6.989826
3666 6.988194
3667 6.989014
3668 6.993134
3669 6.997388
3670 7.002404
3671 7.001928
3672 6.997433
3673 6.990195
3674 6.985199
3675 6.987692
3676 6.994551
3677 7.003105
3678 7.007094
3679 7.008988
3680 7.009506
3681 7.009412
3682 7.011435
3683 7.010586
3684 7.008929
3685 7.004585
3686 7.00416
3687 6.999428
3688 6.994737
3689 6.986163
3690 6.980336
3691 6.973272
3692 6.967497
3693 6.966565
3694 6.969116
3695 6.96877
3696 6.967737
3697 6.961772
3698 6.957344
3699 6.954126
3700 6.953777
3701 6.953727
3702 6.954374
3703 6.958038
3704 6.965713
3705 6.972447
3706 6.974019
3707 6.974997
3708 6.970588
3709 6.967931
3710 6.963954
3711 6.967827
3712 6.972586
3713 6.977732
3714 6.974351
3715 6.970185
3716 6.965533
3717 6.963458
3718 6.96133
3719 6.960145
3720 6.957758
3721 6.955816
3722 6.953382
3723 6.956363
3724 6.961516
3725 6.953901
3726 6.941508
3727 6.929443
3728 6.924614
3729 6.920742
3730 6.913267
3731 6.912438
3732 6.919426
3733 6.936201
3734 6.966766
3735 6.990843
3736 7.009074
3737 7.016146
3738 7.026716
3739 7.037704
3740 7.043219
3741 7.046139
3742 7.049707
3743 7.057457
3744 7.063088
3745 7.061647
3746 7.059189
3747 7.060882
3748 7.064383
3749 7.064876
3750 7.057733
3751 7.046425
3752 7.04096
3753 7.040005
3754 7.047496
3755 7.048224
3756 7.048315
3757 7.042851
3758 7.038322
3759 7.035533
3760 7.03709
3761 7.039294
3762 7.045074
3763 7.051007
3764 7.05892
3765 7.057201
3766 7.053545
3767 7.051618
3768 7.054867
3769 7.057309
3770 7.055281
3771 7.054471
3772 7.051302
3773 7.048396
3774 7.044456
3775 7.040337
3776 7.035281
3777 7.032215
3778 7.037333
3779 7.046424
3780 7.056165
3781 7.06058
3782 7.062288
3783 7.062154
3784 7.064028
3785 7.06985
3786 7.077185
3787 7.088043
3788 7.097811
3789 7.110164
3790 7.122055
3791 7.125841
3792 7.127018
3793 7.123003
3794 7.125699
3795 7.127874
3796 7.128882
3797 7.131224
3798 7.129091
3799 7.129636
3800 7.129261
3801 7.126184
3802 7.121418
3803 7.114804
3804 7.113148
3805 7.1137
3806 7.119144
3807 7.124086
3808 7.133535
3809 7.147432
3810 7.160062
3811 7.169371
3812 7.175774
3813 7.190694
3814 7.207539
3815 7.212776
3816 7.22071
3817 7.219756
3818 7.214795
3819 7.204576
3820 7.197272
3821 7.201029
3822 7.199432
3823 7.201302
3824 7.19982
3825 7.203741
3826 7.213428
3827 7.222603
3828 7.22686
3829 7.228892
3830 7.226794
3831 7.22377
3832 7.218134
3833 7.220574
3834 7.218452
3835 7.214113
3836 7.206855
3837 7.210588
3838 7.212207
3839 7.214644
3840 7.209709
3841 7.208283
3842 7.194554
3843 7.185299
3844 7.175341
3845 7.18261
3846 7.186462
3847 7.19273
3848 7.19892
3849 7.209335
3850 7.217894
3851 7.223744
3852 7.227473
3853 7.227587
3854 7.227739
3855 7.22857
3856 7.231789
3857 7.23991
3858 7.246191
3859 7.224791
3860 7.207257
3861 7.194189
3862 7.211494
3863 7.215561
3864 7.223026
3865 7.227949
3866 7.239711
3867 7.246275
3868 7.255763
3869 7.259862
3870 7.2606
3871 7.26427
3872 7.268102
3873 7.273004
3874 7.272787
3875 7.273294
3876 7.279589
3877 7.280023
3878 7.285485
3879 7.281686
3880 7.283487
3881 7.280444
3882 7.277984
3883 7.27802
3884 7.28142
3885 7.293576
3886 7.302855
3887 7.305586
3888 7.304253
3889 7.297621
3890 7.287983
3891 7.277305
3892 7.270283
3893 7.271806
3894 7.274625
3895 7.280826
3896 7.286139
3897 7.294209
3898 7.29755
3899 7.302885
3900 7.305683
3901 7.310458
3902 7.311473
3903 7.308429
3904 7.302946
3905 7.294452
3906 7.287275
3907 7.282061
3908 7.284987
3909 7.293497
3910 7.303007
3911 7.302688
3912 7.287612
3913 7.272219
3914 7.25872
3915 7.259634
3916 7.261643
3917 7.261902
3918 7.257342
3919 7.250461
3920 7.246927
3921 7.240873
3922 7.236344
3923 7.232091
3924 7.235729
3925 7.23471
3926 7.236598
3927 7.23779
3928 7.250619
3929 7.260344
3930 7.271744
3931 7.278442
3932 7.283164
3933 7.282444
3934 7.282444
3935 7.285746
3936 7.287362
3937 7.280155
3938 7.268304
3939 7.260769
3940 7.256774
3941 7.25339
3942 7.246167
3943 7.242049
3944 7.241525
3945 7.23844
3946 7.230508
3947 7.21885
3948 7.215812
3949 7.21711
3950 7.230411
3951 7.239923
3952 7.244912
3953 7.238518
3954 7.223041
3955 7.213953
3956 7.216902
3957 7.232119
3958 7.238495
3959 7.232417
3960 7.229212
3961 7.230872
3962 7.236573
3963 7.233034
3964 7.236292
3965 7.250133
3966 7.272847
3967 7.288853
3968 7.294943
3969 7.299195
3970 7.307612
3971 7.310158
3972 7.305801
3973 7.29685
3974 7.296956
3975 7.303714
3976 7.317648
3977 7.323582
3978 7.333115
3979 7.336948
3980 7.351899
3981 7.356083
3982 7.354799
3983 7.341539
3984 7.330515
3985 7.31901
3986 7.305523
3987 7.291371
3988 7.28443
3989 7.287533
3990 7.289572
3991 7.2895
3992 7.282793
3993 7.270666
3994 7.252877
3995 7.247728
3996 7.248651
3997 7.265078
3998 7.272465
3999 7.277842
4000 7.267291
4001 7.261519
4002 7.254738
4003 7.255923
4004 7.254565
4005 7.257294
4006 7.263773
4007 7.262077
4008 7.255288
4009 7.248402
4010 7.243788
4011 7.249621
4012 7.251024
4013 7.257003
4014 7.255896
4015 7.255454
4016 7.250523
4017 7.252255
4018 7.252587
4019 7.258217
4020 7.247495
4021 7.242967
4022 7.239942
4023 7.242739
4024 7.246455
4025 7.246752
4026 7.252832
4027 7.255593
4028 7.259934
4029 7.25528
4030 7.250035
4031 7.242831
4032 7.243093
4033 7.242235
4034 7.240175
4035 7.243974
4036 7.244794
4037 7.250384
4038 7.251788
4039 7.256777
4040 7.264954
4041 7.275552
4042 7.28306
4043 7.287893
4044 7.284265
4045 7.288754
4046 7.288861
4047 7.295582
4048 7.299522
4049 7.305438
4050 7.308503
4051 7.311219
4052 7.313307
4053 7.313658
4054 7.307779
4055 7.308056
4056 7.312545
4057 7.32529
4058 7.332456
4059 7.341592
4060 7.343861
4061 7.344098
4062 7.346711
4063 7.349668
4064 7.355614
4065 7.358306
4066 7.359475
4067 7.356229
4068 7.347884
4069 7.342846
4070 7.3416
4071 7.344338
4072 7.346698
4073 7.350457
4074 7.353239
4075 7.357081
4076 7.360401
4077 7.372432
4078 7.382831
4079 7.391055
4080 7.394227
4081 7.393905
4082 7.393389
4083 7.394249
4084 7.403309
4085 7.409894
4086 7.415353
4087 7.409467
4088 7.404653
4089 7.392934
4090 7.388758
4091 7.385855
4092 7.391448
4093 7.396006
4094 7.395682
4095 7.391513
4096 7.385561
4097 7.388434
4098 7.396155
4099 7.411631
4100 7.422852
4101 7.428759
4102 7.423323
4103 7.423012
4104 7.4117
4105 7.418435
4106 7.419522
4107 7.423821
4108 7.416803
4109 7.410131
4110 7.409878
4111 7.399765
4112 7.387389
4113 7.381898
4114 7.384229
4115 7.393649
4116 7.401444
4117 7.397484
4118 7.385261
4119 7.371785
4120 7.373153
4121 7.375496
4122 7.372701
4123 7.369236
4124 7.37254
4125 7.378334
4126 7.384391
4127 7.392845
4128 7.398125
4129 7.395761
4130 7.389772
4131 7.38355
4132 7.390401
4133 7.390401
4134 7.394122
4135 7.39057
4136 7.387974
4137 7.383829
4138 7.378183
4139 7.370773
4140 7.364856
4141 7.364266
4142 7.366027
4143 7.371618
4144 7.361296
4145 7.360401
4146 7.357912
4147 7.36603
4148 7.369171
4149 7.362365
4150 7.360213
4151 7.360641
4152 7.366821
4153 7.366289
4154 7.361524
4155 7.359344
4156 7.358477
4157 7.363703
4158 7.37279
4159 7.384491
4160 7.393139
4161 7.398354
4162 7.402038
4163 7.402453
4164 7.399455
4165 7.397186
4166 7.399731
4167 7.405888
4168 7.423106
4169 7.442168
4170 7.453392
4171 7.452477
4172 7.448351
4173 7.448928
4174 7.451575
4175 7.453328
4176 7.45644
4177 7.465201
4178 7.472417
4179 7.481494
4180 7.48525
4181 7.487806
4182 7.485634
4183 7.482791
4184 7.484776
4185 7.492491
4186 7.499683
4187 7.505052
4188 7.504879
4189 7.507661
4190 7.507403
4191 7.511268
4192 7.512864
4193 7.515092
4194 7.515376
4195 7.512722
4196 7.506893
4197 7.489737
4198 7.469446
4199 7.452359
4200 7.444666
4201 7.440467
4202 7.439154
4203 7.438602
4204 7.441488
4205 7.434872
4206 7.435516
4207 7.432197
4208 7.437187
4209 7.447324
4210 7.458886
4211 7.471087
4212 7.468312
4213 7.465978
4214 7.46186
4215 7.459575
4216 7.462654
4217 7.467217
4218 7.469472
4219 7.471933
4220 7.474029
4221 7.481759
4222 7.487006
4223 7.497863
4224 7.512919
4225 7.525418
4226 7.536209
4227 7.537215
4228 7.533978
4229 7.52458
4230 7.520453
4231 7.519689
4232 7.520482
4233 7.517075
4234 7.508926
4235 7.500064
4236 7.49535
4237 7.493135
4238 7.495279
4239 7.496464
4240 7.503724
4241 7.506169
4242 7.509556
4243 7.492954
4244 7.467404
4245 7.441096
4246 7.431517
4247 7.438894
4248 7.446861
4249 7.452112
4250 7.448888
4251 7.443321
4252 7.445538
4253 7.442621
4254 7.438392
4255 7.422239
4256 7.412287
4257 7.399913
4258 7.393531
4259 7.389696
4260 7.383185
4261 7.373726
4262 7.361351
4263 7.359075
4264 7.362324
4265 7.372053
4266 7.376394
4267 7.381014
4268 7.380852
4269 7.387163
4270 7.397447
4271 7.407817
4272 7.420801
4273 7.430778
4274 7.436014
4275 7.432605
4276 7.425487
4277 7.422879
4278 7.421381
4279 7.421349
4280 7.419662
4281 7.420225
4282 7.416829
4283 7.417267
4284 7.411819
4285 7.412355
4286 7.405144
4287 7.406127
4288 7.406821
4289 7.411172
4290 7.407287
4291 7.396602
4292 7.388132
4293 7.380748
4294 7.372419
4295 7.360357
4296 7.356171
4297 7.355003
4298 7.348803
4299 7.341053
4300 7.337725
4301 7.345431
4302 7.347697
4303 7.342556
4304 7.351457
4305 7.365842
4306 7.388297
4307 7.384962
4308 7.371487
4309 7.362283
4310 7.358317
4311 7.359726
4312 7.357211
4313 7.355343
4314 7.354169
4315 7.350562
4316 7.346423
4317 7.345347
4318 7.341122
4319 7.343685
4320 7.340943
4321 7.332818
4322 7.322688
4323 7.316894
4324 7.315882
4325 7.311524
4326 7.296348
4327 7.295228
4328 7.301485
4329 7.318144
4330 7.324743
4331 7.32646
4332 7.330906
4333 7.337276
4334 7.340311
4335 7.339222
4336 7.341274
4337 7.345792
4338 7.354571
4339 7.359431
4340 7.36445
4341 7.36985
4342 7.374641
4343 7.384265
4344 7.390575
4345 7.395554
4346 7.385665
4347 7.376172
4348 7.366469
4349 7.36395
4350 7.357423
4351 7.390754
4352 7.435514
4353 7.474835
4354 7.477959
4355 7.471201
4356 7.475212
4357 7.471789
4358 7.471789
4359 7.473085
4360 7.475203
4361 7.475411
4362 7.47088
4363 7.472245
4364 7.473931
4365 7.478109
4366 7.483397
4367 7.489625
4368 7.493926
4369 7.504341
4370 7.524926
4371 7.540819
4372 7.545866
4373 7.537259
4374 7.537978
4375 7.538507
4376 7.534175
4377 7.526906
4378 7.520936
4379 7.52201
4380 7.528725
4381 7.536109
4382 7.542011
4383 7.545209
4384 7.550669
4385 7.557339
4386 7.569251
4387 7.575318
4388 7.580816
4389 7.577277
4390 7.575374
4391 7.571719
4392 7.573
4393 7.57573
4394 7.57367
4395 7.566422
4396 7.562265
4397 7.562862
4398 7.564574
4399 7.566807
4400 7.57403
4401 7.580285
4402 7.58534
4403 7.587986
4404 7.59082
4405 7.595435
4406 7.600587
4407 7.60556
4408 7.606808
4409 7.604856
4410 7.604024
4411 7.604646
4412 7.604463
4413 7.604359
4414 7.603607
4415 7.606079
4416 7.611685
4417 7.618035
4418 7.628146
4419 7.634942
4420 7.640122
4421 7.642328
4422 7.64448
4423 7.64618
4424 7.648843
4425 7.650336
4426 7.653069
4427 7.656152
4428 7.655854
4429 7.654838
4430 7.651258
4431 7.64756
4432 7.636252
4433 7.628112
4434 7.622077
4435 7.625321
4436 7.630495
4437 7.635574
4438 7.638081
4439 7.637505
4440 7.635913
4441 7.628772
4442 7.624835
4443 7.625745
4444 7.633291
4445 7.63018
4446 7.628356
4447 7.636006
4448 7.648453
4449 7.664247
4450 7.680402
4451 7.691089
4452 7.694343
4453 7.688615
4454 7.68648
4455 7.687677
4456 7.690956
4457 7.702238
4458 7.709845
4459 7.709371
4460 7.702629
4461 7.701107
4462 7.694484
4463 7.681934
4464 7.668554
4465 7.661155
4466 7.665391
4467 7.659701
4468 7.655527
4469 7.644293
4470 7.631453
4471 7.63005
4472 7.626076
4473 7.628263
4474 7.617028
4475 7.60956
4476 7.602928
4477 7.598826
4478 7.593629
4479 7.596676
4480 7.605036
4481 7.612387
4482 7.605524
4483 7.595081
4484 7.590495
4485 7.594547
4486 7.597182
4487 7.600003
4488 7.600995
4489 7.60089
4490 7.601774
4491 7.601565
4492 7.599722
4493 7.594044
4494 7.592475
4495 7.589851
4496 7.591667
4497 7.595394
4498 7.599099
4499 7.601843
4500 7.601117
4501 7.604598
4502 7.605898
4503 7.60556
4504 7.602551
4505 7.598088
4506 7.598919
4507 7.609624
4508 7.619004
4509 7.625069
4510 7.628336
4511 7.629586
4512 7.630552
4513 7.631131
4514 7.63533
4515 7.637935
4516 7.634751
4517 7.630577
4518 7.628479
4519 7.627716
4520 7.634743
4521 7.638149
4522 7.643527
4523 7.643801
4524 7.643098
4525 7.641466
4526 7.641665
4527 7.645242
4528 7.651353
4529 7.652768
4530 7.651097
4531 7.647044
4532 7.647811
4533 7.655597
4534 7.662652
4535 7.667268
4536 7.671033
4537 7.674832
4538 7.678228
4539 7.680539
4540 7.689593
4541 7.696402
4542 7.698721
4543 7.694666
4544 7.692198
4545 7.691028
4546 7.691291
4547 7.689906
4548 7.691123
4549 7.688923
4550 7.691164
4551 7.692306
4552 7.697212
4553 7.703684
4554 7.713438
4555 7.721104
4556 7.727476
4557 7.726113
4558 7.724607
4559 7.712998
4560 7.70657
4561 7.699723
4562 7.702834
4563 7.706822
4564 7.713762
4565 7.720541
4566 7.72767
4567 7.734332
4568 7.739622
4569 7.742259
4570 7.740914
4571 7.731717
4572 7.728074
4573 7.726564
4574 7.72895
4575 7.71917
4576 7.711841
4577 7.706394
4578 7.706488
4579 7.702858
4580 7.701682
4581 7.700218
4582 7.69884
4583 7.69825
4584 7.702157
4585 7.705921
4586 7.705401
4587 7.702416
4588 7.701261
4589 7.700954
4590 7.70119
4591 7.699817
4592 7.696226
4593 7.696816
4594 7.701876
4595 7.711026
4596 7.711849
4597 7.71021
4598 7.704225
4599 7.70406
4600 7.706399
4601 7.709722
4602 7.710168
4603 7.70872
4604 7.712845
4605 7.720685
4606 7.730193
4607 7.739105
4608 7.744021
4609 7.751535
4610 7.75079
4611 7.748205
4612 7.739574
4613 7.739099
4614 7.739145
4615 7.726322
4616 7.715068
4617 7.707027
4618 7.706909
4619 7.701861
4620 7.699803
4621 7.720149
4622 7.745845
4623 7.7714
4624 7.785756
4625 7.795512
4626 7.802948
4627 7.808168
4628 7.818498
4629 7.831992
4630 7.84508
4631 7.849729
4632 7.845808
4633 7.836343
4634 7.832025
4635 7.83615
4636 7.838888
4637 7.843838
4638 7.84449
4639 7.853236
4640 7.858215
4641 7.859332
4642 7.856442
4643 7.855698
4644 7.860312
4645 7.860637
4646 7.856912
4647 7.849077
4648 7.83744
4649 7.822386
4650 7.813732
4651 7.810058
4652 7.807836
4653 7.802431
4654 7.804189
4655 7.812155
4656 7.81638
4657 7.820118
4658 7.818165
4659 7.819954
4660 7.819264
4661 7.823574
4662 7.828387
4663 7.832546
4664 7.832151
4665 7.829347
4666 7.82642
4667 7.825127
4668 7.82917
4669 7.840988
4670 7.862919
4671 7.880207
4672 7.886782
4673 7.885449
4674 7.885821
4675 7.888297
4676 7.888788
4677 7.892462
4678 7.898343
4679 7.910135
4680 7.916492
4681 7.923461
4682 7.926251
4683 7.931108
4684 7.92882
4685 7.938788
4686 7.953022
4687 7.969024
4688 7.967837
4689 7.962384
4690 7.960698
4691 7.962158
4692 7.965851
4693 7.972438
4694 7.977407
4695 7.979328
4696 7.98199
4697 7.983939
4698 7.990024
4699 7.991417
4700 7.995405
4701 7.998101
4702 7.997943
4703 7.993687
4704 7.981868
4705 7.977132
4706 7.985694
4707 8.002067
4708 8.022692
4709 8.034348
4710 8.041208
4711 8.037816
4712 8.031936
4713 8.026843
4714 8.020212
4715 8.019288
4716 8.024364
4717 8.031876
4718 8.038041
4719 8.038698
4720 8.039188
4721 8.035414
4722 8.030962
4723 8.036491
4724 8.050978
4725 8.056136
4726 8.050302
4727 8.042137
4728 8.045792
4729 8.055918
4730 8.057949
4731 8.060627
4732 8.053783
4733 8.049271
4734 8.04411
4735 8.041572
4736 8.039005
4737 8.036369
4738 8.034797
4739 8.038002
4740 8.040889
4741 8.04916
4742 8.054309
4743 8.056175
4744 8.057923
4745 8.059078
4746 8.060868
4747 8.079969
4748 8.102843
4749 8.12546
4750 8.131495
4751 8.135136
4752 8.136754
4753 8.136143
4754 8.144231
4755 8.156156
4756 8.166212
4757 8.164604
4758 8.166821
4759 8.170552
4760 8.179505
4761 8.185316
4762 8.185507
4763 8.167185
4764 8.137486
4765 8.114383
4766 8.104206
4767 8.106256
4768 8.096906
4769 8.09689
4770 8.090988
4771 8.089287
4772 8.076166
4773 8.073997
4774 8.076956
4775 8.079955
4776 8.076765
4777 8.070051
4778 8.066278
4779 8.060038
4780 8.060563
4781 8.056095
4782 8.051774
4783 8.045652
4784 8.046804
4785 8.044445
4786 8.024843
4787 8.010854
4788 7.990602
4789 7.991804
4790 7.986761
4791 7.991861
4792 7.999036
4793 7.998842
4794 7.998311
4795 7.983712
4796 7.969907
4797 7.959172
4798 7.940545
4799 7.932631
4800 7.935002
4801 7.958484
4802 7.97877
4803 7.987523
4804 7.995848
4805 7.994996
4806 7.99274
4807 7.985977
4808 7.99228
4809 7.998584
4810 8.006542
4811 8.000895
4812 7.988457
4813 7.973234
4814 7.965662
4815 7.963294
4816 7.947532
4817 7.938519
4818 7.943077
4819 7.95531
4820 7.95704
4821 7.947322
4822 7.942646
4823 7.94468
4824 7.940757
4825 7.947566
4826 7.949368
4827 7.953755
4828 7.945943
4829 7.949808
4830 7.94399
4831 7.946104
4832 7.943921
4833 7.953244
4834 7.952819
4835 7.954711
4836 7.954197
4837 7.950475
4838 7.935466
4839 7.928708
4840 7.928914
4841 7.94492
4842 7.960957
4843 7.973616
4844 7.975582
4845 7.980831
4846 7.986843
4847 7.990633
4848 7.991459
4849 8.002878
4850 8.018455
4851 8.027595
4852 8.026363
4853 8.028797
4854 8.032347
4855 8.035759
4856 8.03285
4857 8.030289
4858 8.029132
4859 8.031351
4860 8.036554
4861 8.042396
4862 8.037277
4863 8.030281
4864 8.022766
4865 8.02268
4866 8.021032
4867 8.018127
4868 8.00835
4869 8.006332
4870 8.008912
4871 8.013244
4872 8.015125
4873 8.00034
4874 7.993296
4875 7.977995
4876 7.979692
4877 7.973784
4878 7.974414
4879 7.971659
4880 7.976157
4881 7.982816
4882 7.985946
4883 7.98851
4884 7.996642
4885 8.011287
4886 8.030197
4887 8.037396
4888 8.041577
4889 8.042598
4890 8.04498
4891 8.046239
4892 8.044716
4893 8.039544
4894 8.035005
4895 8.030476
4896 8.031256
4897 8.026792
4898 8.024247
4899 8.019866
4900 8.026025
4901 8.027496
4902 8.027513
4903 8.019194
4904 8.01628
4905 8.017479
4906 8.026456
4907 8.037647
4908 8.050099
4909 8.052905
4910 8.047314
4911 8.044303
4912 8.048211
4913 8.055893
4914 8.053323
4915 8.047081
4916 8.037123
4917 8.033248
4918 8.02501
4919 8.016323
4920 8.00542
4921 8.008804
4922 8.019937
4923 8.033272
4924 8.039319
4925 8.04504
4926 8.050231
4927 8.052407
4928 8.049919
4929 8.045484
4930 8.041085
4931 8.038156
4932 8.0359
4933 8.040598
4934 8.041661
4935 8.047674
4936 8.05252
4937 8.066901
4938 8.075955
4939 8.081266
4940 8.081541
4941 8.081266
4942 8.081557
4943 8.081508
4944 8.08325
4945 8.080135
4946 8.075129
4947 8.072238
4948 8.07245
4949 8.07163
4950 8.064813
4951 8.058615
4952 8.059811
4953 8.07781
4954 8.089196
4955 8.10335
4956 8.10393
4957 8.109623
4958 8.113612
4959 8.121779
4960 8.13422
4961 8.130011
4962 8.122814
4963 8.114992
4964 8.120159
4965 8.122803
4966 8.123781
4967 8.124922
4968 8.129262
4969 8.132732
4970 8.139678
4971 8.149679
4972 8.155836
4973 8.154143
4974 8.147459
4975 8.148121
4976 8.149633
4977 8.151399
4978 8.152675
4979 8.157288
4980 8.161879
4981 8.165143
4982 8.161749
4983 8.159513
4984 8.157371
4985 8.166546
4986 8.172121
4987 8.180245
4988 8.183475
4989 8.187756
4990 8.187829
4991 8.190439
4992 8.185805
4993 8.168669
4994 8.149221
4995 8.14379
4996 8.147737
4997 8.153624
4998 8.148665
4999 8.169199
5000 8.174881
5001 8.186667
5002 8.180224
5003 8.191561
5004 8.202944
5005 8.21624
5006 8.221739
5007 8.21975
5008 8.212969
5009 8.205402
5010 8.207575
5011 8.21715
5012 8.226808
5013 8.233258
5014 8.227085
5015 8.226807
5016 8.229517
5017 8.233859
5018 8.224479
5019 8.20962
5020 8.19837
5021 8.195049
5022 8.193519
5023 8.198121
5024 8.203965
5025 8.210612
5026 8.210157
5027 8.212872
5028 8.21682
5029 8.219919
5030 8.215881
5031 8.21091
5032 8.206658
5033 8.213096
5034 8.213593
5035 8.206879
5036 8.203986
5037 8.210931
5038 8.22722
5039 8.230755
5040 8.231061
5041 8.236614
5042 8.243356
5043 8.255073
5044 8.26641
5045 8.278299
5046 8.281743
5047 8.276993
5048 8.274556
5049 8.274117
5050 8.278538
5051 8.286446
5052 8.293799
5053 8.299189
5054 8.297418
5055 8.297158
5056 8.296874
