0 1.4983
0.1 1.57447
0.2 1.54938
0.3 1.55102
0.4 1.65707
0.5 1.63556
0.6 1.62142
0.7 1.76614
0.8 1.72617
0.9 1.66032
1 1.72485
1.1 1.70133
1.2 1.84866
1.3 1.91534
1.4 1.8724
1.5 1.78057
1.6 1.86597
1.7 1.83618
1.8 1.97784
1.9 1.90133
2 2.06941
2.1 2.03536
2.2 1.94438
2.3 1.93183
2.4 1.92079
2.5 1.71544
2.6 1.70029
2.7 1.77908
2.8 1.72343
2.9 1.60601
3 1.53819
3.1 1.52128
3.2 1.57482
3.3 1.4807
3.4 1.43888
3.5 1.41101
3.6 1.4322
3.7 1.42298
3.8 1.38638
3.9 1.29281
4 1.27222
4.1 1.27214
4.2 1.25512
4.3 1.06646
4.4 1.12604
4.5 1.04298
4.6 0.97574
4.7 0.91481
4.8 1.02104
4.9 0.82573
5 0.86056
5.1 0.85217
5.2 0.76046
5.3 0.77211
5.4 0.67011
5.5 0.64977
5.6 0.57213
5.7 0.67411
5.8 0.50194
5.9 0.49435
6 0.55762
6.1 0.67905
6.2 0.75793
6.3 0.84876
6.4 0.92304
6.5 0.97223
6.6 1.17133
6.7 1.1457
6.8 1.37272
6.9 1.34589
7 1.44991
7.1 1.60848
7.2 1.79697
7.3 1.71076
7.4 1.81628
7.5 2.00493
7.6 2.08536
7.7 2.11893
7.8 2.25176
7.9 2.47831
8 2.44655
